 -4.01   0.20
  8.44  11.68
  8.10  12.00
  7.64  11.53
  8.12  11.46
  7.83  11.10
  8.22  11.45
  7.93  11.22
  6.99  12.73
  7.65  12.72
  7.23  14.26
  7.78  13.07
  7.32  12.99
 -2.55   0.58
 -2.66   0.21
 -3.56   0.23
 -2.60   0.39
 -2.82   0.74
 -2.98   0.54
 -4.90   0.43
 -4.56   1.12
 -4.91   0.34
 -4.52   0.10
  7.90  11.78
  7.78  13.87
  7.29  12.98
 -4.32  -0.26
 -5.24   1.57
 -5.27   1.87
 -4.45   1.71
 -4.88   1.69
 -3.94   1.56
 -4.02   1.51
 -3.92   1.01
 -4.18   1.19
 -4.79   1.27
 -3.91  -0.05
 -4.27   0.28
 -4.88   0.86
  6.71  13.12
  6.59  14.01
  7.50  13.59
  6.71  13.57
  7.03  14.11
  6.45  13.29
  7.11  13.74
  7.42  13.97
  6.91  13.50
 -4.55   0.82
