"CtoA"	"GtoA"	"TtoA"	"AtoC"	"GtoC"	"TtoC"	"AtoG"	"CtoG"	"TtoG"	"AtoT"	"CtoT"	"GtoT"
"ind1"	0.000317378538047885	0.00553656522769859	0.000204556603305928	1e-10	9.08945933536254e-05	0.000320132334207627	0.000310540109383897	8.97195899168536e-05	1e-10	0.000201166491086374	0.00552002197748884	0.000316373272961446
"ind2"	0.00101267442710289	0.00969496603930297	0.000861703902849477	0.000640724136662596	0.000839735306827401	0.00210242631140661	0.00204230284921119	0.000826678128116031	0.00065430949174958	0.000851571103100414	0.00961165349008947	0.00100299977932159
"ind3"	0.00138046702184965	0.0105452735721037	0.00116890443591378	0.00101109259958856	0.00122502464258024	0.00334643685498354	0.00329159113698587	0.00121476760652843	0.00102434189657883	0.0011590407148615	0.0104564254160751	0.00136920463431026
"ind4"	0.00131369894962654	0.0119431791274234	0.00111614013719756	0.000906509708264287	0.00109608811182214	0.00297640182507963	0.002936526365494	0.00109088021868941	0.000916906666052369	0.00110985604907224	0.011869220995375	0.00130374687573892
"ind5"	0.000120394741036851	0.00861101206285616	0.00019911115444179	1e-10	8.19483757790521e-05	0.000240979688360102	0.000232819583811143	8.2550595238508e-05	1e-10	0.000197194313603692	0.00859892245708781	0.00011694954605739
"ind6"	0.00016966393115103	0.00889815399660052	0.000203532049075557	1e-10	0.000118492413004102	0.00038260931444362	0.000367038783831708	0.000116970828667302	2.47679064444889e-07	0.000201365451747818	0.00887834372531487	0.000166829646797972
"ind7"	0.000219643022862915	0.00684108321903623	0.000190723561105986	1e-10	8.11341418930619e-05	0.000213035141930669	0.000204557869935127	8.01247499278164e-05	1e-10	0.000188412910756378	0.00683209245659978	0.000217408348584128
"ind8"	0.00110539418180008	0.0102875724422688	0.00118431512449171	0.000718369885296058	0.000757242273301512	0.00150931210306021	0.00147663478675586	0.000749894923786304	0.000728937349762026	0.00117540033239111	0.0102334002233759	0.00109416830913172
"ind9"	0.000141136257190349	0.00934996172038284	0.000239784125463968	1e-10	0.000108450862628306	0.00026013379557324	0.000249345594611961	0.000107195619569396	1e-10	0.000236861140769971	0.0093354332056961	0.000138088249681709
"ind10"	0.000204637939206454	0.00843344341462128	0.000200704481499326	1e-10	9.41914259280914e-05	0.000282410988650398	0.00027202085579932	9.29427934486685e-05	1e-10	0.000198176502623261	0.00842140881778484	0.000201426383778234
"ind11"	0.000591676967335086	0.0124379886492425	0.000283361844039298	7.10334713844165e-05	0.00022446818569296	0.000677633765836222	0.000661901257111821	0.000220441712746144	7.61873876883414e-05	0.000279997332034916	0.0124081305007017	0.000585857107089086
"ind12"	0.000392393099849572	0.00871357845146837	0.000293825976955046	5.14564537690326e-05	0.000179767371529892	0.000373351767171264	0.000363979636904701	0.000177741651487365	5.4774150229254e-05	0.000291528075256055	0.00870017356232077	0.000388381362322399
"ind13"	0.000259922982638732	0.00615077763376461	0.00027072710232957	1.7063612706873e-05	0.000144527526126505	0.000244820576276492	0.000236333474481612	0.000142026258048271	1.97804975006811e-05	0.000269905307992715	0.00613960716336973	0.000256719243298088
"ind14"	0.000284067043927591	0.00672859507248194	0.000250819710510549	1e-10	0.000136477474544194	0.00026208755979768	0.000253132120572663	0.000135175502720735	1e-10	0.000249488014158069	0.00671533312274234	0.000281234910798318
"ind15"	0.000413856657603546	0.00841750078961389	0.000420493663771953	0.000195051274321667	0.000336289140866997	0.000768306234807823	0.000745763227932071	0.00033150745234742	0.000201925773995885	0.000413459386979449	0.00838360293684806	0.000409829004143701
"ind16"	0.0013854933663028	0.014053825288073	0.00117586957667186	0.000868870055614629	0.00105155231709529	0.00266757654434983	0.00263287354616592	0.00104257833941193	0.000878041047537538	0.00116812726685476	0.013988910254324	0.0013775690139357
"ind17"	0.00013198220406299	0.00529776883690102	0.00021981712902908	1.64003494198951e-05	0.000139817008676244	0.000184444260654771	0.00017479744328747	0.000136412205559177	1.81994879775036e-05	0.0002173324292089	0.00528848257047242	0.000130514087425723
"ind18"	0.000918770992203317	0.02	0.000838891637236768	0.000604570437666286	0.000791812776313611	0.00213733171260668	0.00210900495528004	0.000787973613133534	0.000612171179480719	0.000833059570138311	0.02	0.00091485337812245
"ind19"	0.000183033372661495	0.00754037700934848	0.000206847193970311	2.32335992000246e-05	0.000133310075022251	0.000321973394385209	0.000309366746088578	0.000131491896401113	2.77064541890103e-05	0.000203516882791818	0.00752021636132157	0.000180931382376705
"ind20"	0.000245072898959626	0.00890590540733874	0.000285538533433069	6.31989957566314e-05	0.000177407552303761	0.000345459080199783	0.000336406721258692	0.000175535064442292	6.64279822899825e-05	0.000283138982610107	0.00889139247244245	0.000243843720594426
"ind21"	0.000190576459998208	0.00681259915220446	0.000253223008985359	3.15618489232287e-05	0.000154135367439932	0.000229707121330012	0.000220365097363967	0.000152945284833845	3.46946839273366e-05	0.000250732197642851	0.00680174150931432	0.000190540431728328
"ind22"	0.000554735637053498	0.00901149763551587	0.000299651359155315	0.000143767796030588	0.000240890008581519	0.000654102331328588	0.000634086856958108	0.000237508137713913	0.000150191749930735	0.000296127299774972	0.00898134447077613	0.000553690580487902
"ind23"	0.000451173288474028	0.00234922007873596	0.000478077197272305	0.000229588515549428	0.000309858284116952	0.000717323750946904	0.000701763546606835	0.000307502260345122	0.000233158934774741	0.000474420315992687	0.00232402651200895	0.000448320256442075
"ind24"	0.000297843515359053	0.00167847238534146	0.000325446003560516	8.98506390565934e-05	0.000184283726486481	0.000380232130725585	0.000365257419685786	0.000183124150149715	9.31993574711618e-05	0.0003232375294499	0.00165786460128928	0.000297022800891047
"ind25"	0.000156490111888896	0.00107849263707943	0.000212856950292431	2.71838887996603e-05	0.000151603576451023	0.000392465353792604	0.000373944362343689	0.000147636155322434	3.21053709484465e-05	0.00020872194436743	0.00105325387169417	0.000155413845460488
"ind26"	0.00010350781905426	0.00106761527272608	0.000178498765192529	1e-10	8.73438573923349e-05	0.000123794651688672	0.000114298054009241	8.61318129299994e-05	1e-10	0.000177147120467444	0.00105589998646697	0.000103491368960503
"ind27"	0.000228038824766851	0.00692599795339748	0.000235482406041425	1.67404922952987e-05	0.000127168776503363	0.00041631348531754	0.000404569099156692	0.000125548795904979	2.08160383244629e-05	0.0002331069248663	0.00690530883682795	0.000223927833528026
"ind28"	0.000236940335142058	0.0036726698664936	0.000224904391941948	1e-10	7.36395065550158e-05	0.000255247463098544	0.000245320054328258	7.35162727850133e-05	1e-10	0.000223044662941845	0.00365711765208361	0.000234381177487277
"ind29"	0.000267808842867219	0.00468411322709222	0.000291306128004882	7.29912501390826e-05	0.000188634234782157	0.000257233266816558	0.000246473574867383	0.000187013194786912	7.5395014962298e-05	0.000289174423942111	0.00467293586393398	0.00026653612095922
"ind30"	0.000228832736845941	0.00185140155804945	0.000320805662509809	0.00011910972030365	0.000232051353035283	0.00025053379360176	0.000240289948682586	0.000228612322869489	0.000121665336093439	0.000318555320325332	0.00183640065455597	0.000226229133419609
"ind31"	8.02333619770159e-05	0.000185465610834867	7.55033446093553e-05	0.000138632440349883	0.000106307509009593	0.000173298402400701	0.000166451575078742	0.000102592764379634	0.000134380527297973	6.70732570909165e-05	0.00015265111819236	7.80976400918877e-05
"ind32"	0.000100168605433076	0.000157535408492828	4.92728878869576e-05	0.00012470035564115	5.153935375606e-05	0.000148243416466243	0.000140973729623394	4.85964866357569e-05	0.000120881095132319	4.03608030117797e-05	0.000125602687312711	9.70912664223334e-05
"ind33"	0.000126302826128703	0.000159581879831802	5.23324752175481e-05	0.000120602719254789	5.15995680055673e-05	0.000152079169282967	0.000142881302697775	4.91934697151654e-05	0.000118642332081028	4.27862820078549e-05	0.000129499427656374	0.000123435860770511
"ind34"	0.000206602291768974	0.000244217471362919	0.000139213257371054	0.00023158449469631	0.00016099485382986	0.000230429325805265	0.00022341374697288	0.000158210487918326	0.000229262355035285	0.000130265905265725	0.000215100558550761	0.00020380712791637
"ind35"	0.000210049360976487	0.000240693003297796	0.000138212215325357	0.000226209349260885	0.000161724404354162	0.000226555742766502	0.00021737591906235	0.00015983451351376	0.000224770302492842	0.000129229100553384	0.000213198476795019	0.000206365755994364
"ind36"	7.0307069256346e-05	0.000148659691506449	4.41668021685481e-05	7.17593655365831e-05	4.5069721913417e-05	0.000127417399791517	0.000118800299368375	4.31086187173114e-05	6.96717738004715e-05	3.46049086769992e-05	0.000118639874149704	6.74859814563862e-05
"ind37"	6.77741133438622e-05	0.00015051445507325	4.57704079425775e-05	7.06803192940318e-05	4.79330879920662e-05	0.000130922195933646	0.000123335003594413	4.55295429224499e-05	6.75053193793592e-05	3.5971285891882e-05	0.000116504145693314	6.44700801696684e-05
"ind38"	0.000125165804370444	0.000181326223048625	7.58970883259799e-05	0.000149347152051787	0.00010005339323688	0.000192571063169464	0.000185178850839492	9.80989935737985e-05	0.000146425232644631	6.76778372030749e-05	0.000152390021037615	0.000121393617339542
"ind39"	0.000113990791759547	0.000181378555732617	7.58974250534838e-05	0.000149125339748499	9.6065444340497e-05	0.000187500989707268	0.000179155638025824	9.41454387257422e-05	0.000146505409554893	6.71567740286243e-05	0.000149540678371316	0.00010950627082046
"ind40"	0.00207500468017436	0.000385336979324403	0.00459461781579117	0.00165862088322449	0.000183587773297653	0.00060277036080751	0.000598898035482702	0.000183982171694594	0.00165555750562594	0.00459050345962462	0.000382277941500515	0.00207593958319756
"ind41"	0.00212433078411759	0.000384986060069461	0.00469620417343611	0.00173136693673963	0.000198287753060659	0.000696977859600485	0.000692989264298748	0.000198979283914486	0.0017284527620304	0.00468694998570583	0.000379571661044789	0.00212462651457432
"ind42"	0.00216049691500637	0.000439792833497331	0.00467780427967307	0.00169210823294749	0.000207564180897694	0.000670357123221864	0.000659228743932311	0.000203367846183255	0.00168871154840879	0.00467514309002784	0.000422183331253295	0.00215903213169409
"ind43"	0.00205847701352852	0.000389693247809303	0.00451694731640853	0.0016514960715946	0.00018542970422088	0.000636850129271635	0.000631570702375217	0.000186837842129739	0.00165121833984451	0.00451128911253006	0.000385968516134666	0.00205769406307149
"ind44"	0.00210662704187183	0.000416405613691756	0.00465173444158864	0.00170432063817708	0.000196219359366936	0.000654064595499838	0.000647750848530332	0.000195900669230988	0.00170196341775871	0.00464242885534999	0.000410131499538912	0.00210686692587956
"ind45"	0.00215257016051985	0.000426026320488625	0.00469302725074366	0.0016736163949402	0.00019268726497612	0.000596942616716559	0.000591228016262601	0.000194537068623365	0.00167409584966221	0.00468578818411326	0.000418020526764976	0.00215285008888569
"ind46"	0.00190460583208947	0.000354825290897044	0.00448895950804504	0.00162637187301155	0.000211762165237213	0.000908888074738396	0.000904320216530668	0.000213177560586305	0.00162608998959544	0.00448611246570825	0.000344569508410973	0.0019039571334773
"ind47"	0.00215454357935856	0.000418958372680018	0.00481918793893222	0.00163200663365786	0.000201794538043207	0.000641276061665488	0.000636723525407742	0.000201512610064828	0.00162863128840105	0.00481148351115191	0.000406485477101994	0.00215449629355705
"ind48"	0.00208115599214343	0.000388175676096541	0.00451561434221429	0.00161711911404149	0.000186453575561581	0.000638705338374294	0.000633835776588114	0.000186268700240363	0.00161646321188115	0.00450895564417507	0.000378250681394173	0.00208120729203746
"ind49"	0.00217313420327973	0.000409904696490738	0.00470515756489304	0.00169164169421004	0.000198179724092936	0.000673354610802949	0.00066777731013887	0.000199451004232787	0.0016907309651597	0.00469855743051973	0.000401879384389646	0.00217363068265399
"ind50"	0.00211388489492913	0.00043740680417521	0.00466226845407007	0.0017467231849149	0.00021069663446134	0.000714898839369329	0.000704024348920494	0.000206520938344318	0.00174118949096375	0.00465651055429604	0.000415411059852568	0.00211056954359969
"ind51"	0.00206411995881975	0.000390407874423474	0.0045456254662712	0.00166198870473553	0.000188056903624406	0.000641253880376619	0.000636365369229512	0.000188220099609039	0.00165962796365492	0.00453815435789805	0.000381126157614986	0.00206366830983331
"ind52"	0.00216128435861132	0.000448024212119885	0.00467963403498698	0.00166108587068548	0.000202569885008353	0.000666013244213494	0.000655177820253902	0.00019755710082182	0.00165661449904364	0.0046760852508461	0.000431818462859672	0.0021570970053889
"ind1 0.2927 %"
"ind2 0.7068 %"
"ind3 0.897 %"
"ind4 0.9186 %"
"ind5 0.4001 %"
"ind6 0.4511 %"
"ind7 0.3244 %"
"ind8 0.7227 %"
"ind9 0.4505 %"
"ind10 0.3897 %"
"ind11 0.5871 %"
"ind12 0.4107 %"
"ind13 0.2865 %"
"ind14 0.3218 %"
"ind15 0.4763 %"
"ind16 0.9727 %"
"ind17 0.2449 %"
"ind18 1.3359 %"
"ind19 0.3753 %"
"ind20 0.4165 %"
"ind21 0.3165 %"
"ind22 0.5258 %"
"ind23 0.2202 %"
"ind24 0.1412 %"
"ind25 0.097 %"
"ind26 0.0701 %"
"ind27 0.3511 %"
"ind28 0.192 %"
"ind29 0.2399 %"
"ind30 0.1355 %"
"ind31 0.0371 %"
"ind32 0.0306 %"
"ind33 0.032 %"
"ind34 0.0599 %"
"ind35 0.0593 %"
"ind36 0.0241 %"
"ind37 0.0243 %"
"ind38 0.0404 %"
"ind39 0.0394 %"
"ind40 0.5271 %"
"ind41 0.5453 %"
"ind42 0.5431 %"
"ind43 0.5231 %"
"ind44 0.538 %"
"ind45 0.5378 %"
"ind46 0.53 %"
"ind47 0.5458 %"
"ind48 0.5218 %"
"ind49 0.5449 %"
"ind50 0.5458 %"
"ind51 0.5261 %"
"ind52 0.5422 %"
